score 0
hr  ticks | vehX  pplX | -0.2*wv  -0.2*wp | net | wv by J0..J3,exit | wp by J0..J3 | backlog/tick
09   20 |   153    61 |    -2.0   -12.3 |   199.3 |     4     1     4     1     0 |    20    17    11    13 | 0.1
10   20 |   151    63 |    -2.1   -12.6 |   199.4 |     3     1     3     3     0 |    19    18    16    10 | 0.0
11   20 |   128    59 |    -1.0   -11.5 |   173.7 |     2     1     1     1     0 |    19    14    13    12 | 0.0
12   20 |    97    77 |    -0.4   -16.3 |   157.2 |     0     0     1     1     0 |    24    23    16    19 | 0.0
13   20 |   102   107 |    -0.7   -21.3 |   186.9 |     0     2     0     1     0 |    32    27    26    22 | 0.0
14   20 |   145    87 |    -1.4   -16.9 |   214.4 |     2     2     1     2     0 |    26    26    18    15 | 0.0
15   20 |   136    76 |    -1.4   -15.4 |   195.2 |     1     1     2     2     0 |    26    21    17    12 | 0.1
16   20 |   131    80 |    -0.8   -15.9 |   194.3 |     0     1     2     1     0 |    25    23    16    15 | 0.0
17   20 |   192    75 |    -2.5   -15.2 |   249.0 |     2     7     0     4     0 |    23    21    15    17 | 0.2
18   20 |   173   111 |    -2.5   -23.0 |   258.5 |     3     5     2     3     0 |    36    34    25    21 | 0.0
19   20 |   167   149 |    -2.4   -29.3 |   284.6 |     1     2     4     4     0 |    48    39    30    30 | 0.2
20   20 |   102   108 |    -0.6   -21.3 |   188.1 |     0     1     1     0     0 |    35    31    22    18 | 0.0
21   20 |    68    68 |    -0.1   -13.5 |   123.0 |     0     0     0     0     0 |    22    19    16    10 | 0.0
22   10 |    34    27 |    -0.1    -5.5 |    55.3 |     0     0     0     0     0 |    10     7     6     4 | 0.0
totals {'vx': 1777.8, 'px': 1148.8, 'wv': 89.9, 'wp': 1149.2}
J0: vehX 442 pplX 364 wv 20 wp 365 phases {}
J1: vehX 434 pplX 320 wv 24 wp 319 phases {}
J2: vehX 456 pplX 248 wv 22 wp 248 phases {}
J3: vehX 446 pplX 217 wv 22 wp 217 phases {}
end {'backlog': 0.0, 'queuedV': 23.099999999999998, 'waitP': 2.7, 'spawnedV': 891.0000000000001}
