score 0
hr  ticks | vehX  pplX | -0.2*wv  -0.2*wp | net | wv by J0..J3,exit | wp by J0..J3 | backlog/tick
09   20 |   139    67 |   -90.1   -33.5 |    82.6 |   160    79   155    57     0 |    48    39    44    35 | 0.1
10   20 |   131    66 |  -126.4   -36.5 |    33.5 |   202    87   246    96     0 |    52    45    50    35 | 0.1
11   20 |   132    53 |  -137.1   -33.5 |    14.2 |   201    95   261   129     0 |    51    41    40    36 | 0.1
12   20 |   115    77 |  -133.3   -38.8 |    19.6 |   249    76   239   102     0 |    60    41    53    41 | 0.0
13   20 |   115   102 |  -111.2   -44.4 |    61.2 |   174   118   144   121     0 |    60    60    50    52 | 0.1
14   20 |   126    86 |  -123.1   -44.0 |    44.8 |   195   196    96   129     0 |    68    69    45    39 | 0.1
15   20 |   137    83 |  -127.8   -42.4 |    49.8 |   228   157   136   118     0 |    65    55    50    41 | 0.1
16   20 |   132    74 |  -123.0   -39.7 |    42.8 |   194   107   203   111     0 |    62    50    48    39 | 0.1
17   20 |   144    72 |  -158.7   -41.6 |    15.4 |   290   191   196   117     0 |    73    51    45    39 | 0.3
18   20 |   152   107 |  -225.5   -59.3 |   -26.0 |   316   402   182   228     0 |    79    88    63    67 | 0.0
19   20 |   150   152 |  -260.3   -71.7 |   -30.8 |   335   355   295   316     0 |    98    92    87    82 | 0.2
20   20 |   140   115 |  -236.8   -56.7 |   -39.0 |   263   262   330   329     0 |    74    72    74    63 | 0.0
21   20 |   128    75 |  -147.6   -42.3 |    13.4 |   187   173   203   176     0 |    60    56    47    48 | 0.0
22   10 |    55    29 |   -43.9   -15.2 |    25.0 |    60    63    54    42     0 |    23    22    17    13 | 0.0
totals {'vx': 1794.3, 'px': 1156.4, 'wv': 10223.9, 'wp': 2996.7}
J0: vehX 448 pplX 360 wv 3056 wp 872 phases {'A': 82, 'C': 83, 'W': 63, 'D': 22, 'B': 17}
J1: vehX 437 pplX 323 wv 2360 wp 782 phases {'W': 63, 'A': 81, 'C': 84, 'B': 19, 'D': 20}
J2: vehX 459 pplX 253 wv 2739 wp 713 phases {'C': 89, 'A': 84, 'W': 51, 'D': 22, 'B': 22}
J3: vehX 450 pplX 221 wv 2070 wp 630 phases {'C': 89, 'W': 50, 'B': 23, 'D': 20, 'A': 86}
end {'backlog': 0.0, 'queuedV': 58.099999999999994, 'waitP': 8.100000000000001, 'spawnedV': 891.0000000000001}
