1 (2653.2, 1757.0, 1137.0, 67.0, 1137.0)
2 (2706.2, 1799.0, 1163.0, 116.0, 1163.0)
3 (2682.0, 1770.0, 1161.0, 82.0, 1163.0)
4 (2692.2, 1777.0, 1162.0, 73.0, 1161.0)
5 (2709.0, 1809.0, 1146.0, 83.0, 1147.0)
6 (2660.8, 1779.0, 1129.0, 104.0, 1132.0)
7 (2650.8, 1758.0, 1143.0, 113.0, 1138.0)
8 (2701.8, 1777.0, 1176.0, 81.0, 1175.0)
9 (2655.0, 1772.0, 1132.0, 111.0, 1134.0)
10 (2676.8, 1780.0, 1139.0, 69.0, 1142.0)
relaxed score: mean 2678.8 sd 22.9
relaxed vehX: mean 1777.8 sd 16.2
relaxed pplX: mean 1148.8 sd 15.7
relaxed wv: mean 89.9 sd 19.1
relaxed wp: mean 1149.2 sd 15.1
