score 2650.8
hr  ticks | vehX  pplX | -0.2*wv  -0.2*wp | net | wv by J0..J3,exit | wp by J0..J3 | backlog/tick
09   20 |   154    61 |    -2.4   -11.8 |   200.8 |     5     0     7     0     0 |    18    16    15    10 | 0.1
10   20 |   137    65 |    -3.4   -12.8 |   185.8 |     1     2    11     3     0 |    29    12    10    13 | 0.0
11   20 |   133    64 |    -0.8   -12.6 |   183.6 |     3     1     0     0     0 |    21    11    19    12 | 0.1
12   20 |    98    72 |    -0.8   -15.4 |   153.8 |     0     0     0     4     0 |    29    22    14    12 | 0.0
13   20 |    90   102 |    -0.6   -20.4 |   171.0 |     0     0     2     1     0 |    40    26    22    14 | 0.0
14   20 |   150    90 |    -1.2   -17.4 |   221.4 |     1     2     1     2     0 |    28    31    22     6 | 0.0
15   20 |   134    66 |    -2.8   -13.4 |   183.8 |     6     3     3     1     1 |    23    11    20    13 | 0.1
16   20 |   132    74 |    -1.4   -14.6 |   190.0 |     0     3     3     1     0 |    25    20    19     9 | 0.0
17   20 |   196    90 |    -4.0   -17.8 |   264.2 |     0    17     0     3     0 |    32    17    19    21 | 0.3
18   20 |   161   111 |    -1.6   -23.4 |   247.0 |     5     2     0     1     0 |    33    33    27    24 | 0.0
19   20 |   168   142 |    -2.4   -27.8 |   279.8 |     1     2     2     7     0 |    46    41    25    27 | 0.1
20   20 |   101   113 |    -1.2   -22.0 |   190.8 |     1     3     1     0     1 |    38    20    31    21 | 0.0
21   20 |    70    73 |    -0.0   -14.4 |   128.6 |     0     0     0     0     0 |    14    27    22     9 | 0.0
22   10 |    34    20 |    -0.0    -3.8 |    50.2 |     0     0     0     0     0 |     4     7     1     7 | 0.0
totals {'vx': 1758.0, 'px': 1143.0, 'wv': 113.0, 'wp': 1138.0}
J0: vehX 434 pplX 382 wv 23 wp 380 phases {}
J1: vehX 444 pplX 296 wv 35 wp 294 phases {}
J2: vehX 430 pplX 266 wv 30 wp 266 phases {}
J3: vehX 450 pplX 199 wv 23 wp 198 phases {}
end {'backlog': 0, 'queuedV': 22, 'waitP': 0, 'spawnedV': 891}
