score 468.8
hr  ticks | vehX  pplX | -0.2*wv  -0.2*wp | net | wv by J0..J3,exit | wp by J0..J3 | backlog/tick
09   20 |   136    83 |   -68.2   -34.0 |   116.8 |    98    88   134    21     0 |    65    49    32    24 | 0.1
10   20 |   127    60 |  -116.4   -34.4 |    36.2 |   162   101   214   105     0 |    50    50    43    29 | 0.1
11   20 |   137    54 |  -129.2   -33.4 |    28.4 |   114   131   248   153     0 |    43    44    46    34 | 0.1
12   20 |   125    94 |  -117.0   -42.4 |    59.6 |   124   121   216   124     0 |    47    56    65    44 | 0.0
13   20 |   114   106 |   -92.8   -43.0 |    84.2 |    49   150   122   143     0 |    45    82    52    36 | 0.1
14   20 |   114    90 |  -115.8   -44.8 |    43.4 |   101   234    59   185     0 |    51    65    52    56 | 0.0
15   20 |   137    85 |  -136.4   -42.2 |    43.4 |   192   162    93   235     0 |    48    60    36    67 | 0.1
16   20 |   130    76 |  -129.6   -40.4 |    36.0 |   167    70   251   160     0 |    56    54    45    47 | 0.0
17   20 |   143    80 |  -159.2   -47.4 |    16.4 |   316   125   227   128     0 |    90    53    47    47 | 0.1
18   20 |   165   121 |  -235.6   -67.4 |   -17.0 |   253   437   206   282     0 |    91    94    66    86 | 0.0
19   20 |   167   140 |  -255.2   -71.0 |   -19.2 |   248   406   252   370     0 |    95    88    82    90 | 0.1
20   20 |   143   120 |  -226.6   -58.8 |   -22.4 |   179   259   373   322     0 |    74    89    70    61 | 0.0
21   20 |   121    65 |  -128.4   -35.2 |    22.4 |   110   110   237   185     0 |    44    38    47    47 | 0.0
22   10 |    56    32 |   -31.0   -16.4 |    40.6 |    49    20    35    51     0 |    27    18    17    20 | 0.0
totals {'vx': 1901.0, 'px': 1216.0, 'wv': 9707.0, 'wp': 3054.0}
J0: vehX 452 pplX 343 wv 2162 wp 826 phases {'W': 69, 'A': 80, 'B': 19, 'C': 82, 'D': 20}
J1: vehX 457 pplX 382 wv 2414 wp 840 phases {'C': 82, 'W': 72, 'A': 74, 'B': 23, 'D': 19}
J2: vehX 495 pplX 255 wv 2667 wp 700 phases {'C': 93, 'A': 81, 'W': 52, 'D': 22, 'B': 22}
J3: vehX 497 pplX 236 wv 2464 wp 688 phases {'A': 75, 'W': 49, 'B': 17, 'C': 101, 'D': 28}
end {'backlog': 0, 'queuedV': 49, 'waitP': 14, 'spawnedV': 891}
